10000
3
16 22
36 36
95 95
71 71
76 76
98 98
7 15
5 13
55 55
39 42
82 82
33 40
50 50
84 84
79 79
55 55
78 78
56 65
41 41
5 5
81 81
83 83
73 77
97 97
24 30
16 20
52 52
99 99
0 3
41 41
70 71
32 32
65 65
47 47
94 96
12 17
83 90
93 93
60 60
21 31
56 56
38 44
57 57
52 55
84 90
28 28
24 27
77 77
21 21
39 43
76 85
77 77
32 32
81 81
54 54
4 4
21 29
34 40
18 20
0 0
10 13
97 97
6 14
28 33
33 33
2 2
6 10
87 96
40 40
14 19
49 57
62 68
46 46
70 78
100 100
61 61
62 62
15 15
38 42
8 12
43 48
20 20
2 2
91 94
7 10
48 48
73 78
75 85
84 87
21 26
59 64
63 63
86 91
53 53
74 84
54 60
33 33
63 66
37 37
76 76
63 71
14 18
2 2
18 18
6 9
32 40
68 68
92 94
37 37
14 24
58 58
75 85
90 93
61 61
70 70
55 65
35 36
100 102
91 91
14 20
33 41
29 29
79 85
79 87
29 29
9 15
27 27
13 13
88 88
29 29
69 74
66 66
80 80
66 70
16 16
14 14
22 22
99 99
2 11
12 17
81 81
15 15
46 46
13 13
78 85
92 101
83 83
79 82
83 88
16 17
11 11
48 48
88 88
65 65
12 12
3 4
6 6
32 34
77 77
55 60
92 92
11 14
49 49
17 17
45 54
56 60
80 80
62 71
99 99
43 48
54 60
98 101
40 40
85 85
46 46
25 28
70 70
18 18
14 21
79 79
47 57
41 41
85 92
0 0
87 87
19 19
98 99
37 42
71 71
65 68
69 70
9 9
76 76
25 25
85 92
56 61
8 8
32 32
9 10
100 102
27 27
43 43
51 51
45 54
33 35
75 75
44 52
14 22
4 4
78 79
36 45
71 71
66 66
24 24
74 77
26 26
81 81
93 93
77 86
28 28
37 38
77 79
31 31
32 32
91 91
72 79
98 98
92 100
63 65
55 55
65 75
81 81
1 1
74 74
97 99
25 35
40 46
53 53
63 68
86 86
52 52
82 86
89 93
60 65
26 26
31 31
96 105
31 32
90 92
68 68
88 88
73 73
68 70
54 63
7 16
71 73
81 81
67 76
60 65
59 69
46 46
73 82
4 14
30 32
65 65
30 30
38 40
22 22
37 37
52 58
61 61
19 29
43 46
62 71
32 32
72 72
88 92
67 76
11 11
83 83
26 26
26 27
41 41
66 66
65 74
70 70
32 37
42 42
56 60
54 54
43 43
68 75
35 35
37 38
14 18
89 99
19 19
7 14
73 73
36 38
17 22
62 62
22 22
27 33
22 22
23 23
34 34
12 12
21 21
94 96
3 3
88 96
90 96
98 98
15 15
65 66
74 74
26 36
80 89
46 55
79 79
25 25
3 12
85 87
78 78
91 91
44 49
78 78
45 49
21 22
24 30
75 75
60 60
74 75
84 84
43 46
3 3
11 11
77 78
68 68
56 56
44 44
13 20
84 84
40 40
90 90
15 22
32 36
28 28
31 31
100 101
6 10
31 31
78 81
36 36
80 80
39 39
83 83
43 43
30 30
75 84
89 92
78 78
33 40
91 91
61 64
23 23
10 10
44 51
28 31
50 50
16 16
33 41
99 99
21 29
44 47
34 43
1 11
1 1
49 49
35 35
71 72
76 76
15 15
6 16
52 56
37 46
57 57
84 91
80 84
2 7
4 4
11 11
8 8
22 30
68 68
97 100
16 17
72 72
70 76
99 102
46 56
67 67
43 49
76 83
92 92
78 78
14 14
87 94
48 57
4 9
31 38
83 85
75 80
1 7
24 25
13 13
39 39
47 49
10 12
32 32
60 60
83 89
8 8
99 109
76 76
19 19
22 23
83 87
52 52
95 97
88 88
49 51
57 57
28 32
65 65
23 23
50 52
54 58
23 30
66 75
16 16
46 46
76 78
6 6
6 10
12 21
84 88
96 96
40 40
50 50
9 9
10 10
31 36
15 15
99 108
13 14
69 69
49 49
66 76
52 60
49 51
98 98
29 29
99 99
26 26
23 26
43 43
86 86
1 1
61 71
16 16
15 15
10 15
44 44
7 7
56 60
66 71
75 75
70 71
45 54
69 72
26 26
10 10
16 16
7 17
67 67
47 47
75 81
97 97
15 15
20 20
77 77
74 74
51 56
38 43
76 76
45 45
36 44
72 72
38 38
68 68
38 43
93 96
14 14
7 8
27 35
51 51
6 7
48 48
72 75
100 106
82 88
2 11
71 71
28 28
82 87
89 90
30 30
87 93
65 65
37 38
28 28
5 5
32 33
44 46
64 64
12 12
86 86
98 108
15 20
29 29
72 72
40 42
74 81
54 64
26 31
92 92
12 22
7 17
23 24
21 21
40 49
18 18
0 3
49 58
10 17
15 15
17 22
59 59
20 26
89 92
96 106
47 47
48 51
30 30
49 53
16 16
41 45
85 85
24 27
86 88
82 82
10 20
6 6
98 98
39 39
48 54
15 17
36 38
36 37
74 82
91 101
33 35
9 10
95 95
57 66
49 57
81 89
98 103
27 27
44 54
13 18
17 18
11 13
74 74
81 81
1 4
20 30
77 83
62 62
58 58
60 60
62 62
70 77
21 21
50 50
49 54
91 91
71 71
32 34
3 3
29 29
99 99
64 70
45 45
51 58
25 34
13 13
51 52
69 69
1 11
59 69
11 14
8 12
3 11
68 68
56 56
58 68
50 51
93 93
17 17
84 84
58 58
94 96
44 50
90 90
56 56
77 87
54 64
27 37
12 12
86 96
49 53
67 67
63 63
83 88
76 76
14 23
65 73
75 75
8 15
86 88
13 13
89 89
44 44
39 45
78 85
18 23
62 64
61 64
26 29
60 60
59 66
62 67
3 3
6 6
17 17
76 80
17 17
59 59
46 46
38 38
33 33
9 13
74 78
26 35
37 42
4 9
94 94
1 5
55 55
38 38
91 93
18 18
62 65
99 105
56 56
20 25
11 15
15 19
26 30
66 72
45 45
48 48
74 74
73 73
79 83
45 45
79 84
43 43
13 13
26 36
91 91
54 54
4 9
52 52
44 44
25 31
100 100
41 45
47 47
5 5
5 8
72 72
9 9
50 51
63 66
76 76
0 0
78 80
18 19
32 41
55 60
34 44
20 20
32 33
82 82
78 79
72 82
63 73
85 85
29 30
85 85
96 104
76 76
37 39
46 46
40 41
54 54
67 77
57 66
94 101
72 72
85 85
86 86
45 45
86 86
16 23
89 92
81 81
73 73
17 25
20 20
47 57
53 61
74 77
37 37
67 75
91 92
15 15
71 71
48 55
89 98
60 60
84 93
12 12
22 27
64 64
54 54
86 89
61 61
45 50
57 58
87 97
68 77
4 5
26 36
75 79
34 34
38 38
49 54
3 3
52 62
91 95
48 52
15 15
99 100
16 22
8 8
8 8
28 28
21 21
99 103
11 11
56 57
86 89
21 22
59 63
63 70
0 6
9 9
3 3
33 41
11 15
99 99
49 54
79 82
11 21
31 35
45 54
29 29
48 48
49 49
77 77
47 57
13 13
76 80
84 93
19 19
65 72
55 57
19 29
88 88
84 84
83 83
12 12
100 100
23 23
69 69
13 13
74 74
85 90
16 20
31 39
60 60
35 35
47 56
29 38
28 30
96 100
41 42
0 0
74 80
81 81
26 32
43 51
27 37
96 100
80 80
14 14
29 36
91 91
27 27
42 42
49 50
89 89
20 20
32 32
1 5
30 30
48 48
78 78
26 26
1 11
19 19
35 37
25 33
34 37
58 66
8 8
19 29
13 13
4 12
43 43
12 13
26 30
68 68
37 42
19 22
20 25
25 25
27 28
11 11
89 96
54 54
28 29
80 88
51 51
74 79
13 14
53 57
67 77
79 80
58 58
3 10
66 71
34 34
20 26
64 68
15 15
12 12
97 97
57 57
60 69
83 93
0 4
54 54
65 73
87 92
29 29
90 92
93 93
29 32
56 64
59 59
33 33
55 57
75 85
76 76
4 8
16 20
4 4
68 76
64 64
46 54
90 90
8 14
71 71
19 19
37 43
26 33
68 69
98 98
16 16
26 27
16 18
13 13
99 99
3 3
51 51
50 55
53 53
77 77
60 68
89 92
21 27
44 51
73 73
59 62
59 66
27 37
59 59
9 18
93 93
16 18
16 24
76 84
67 75
14 14
77 77
35 40
3 9
58 58
60 60
45 45
100 108
95 95
18 18
53 58
73 73
73 73
46 46
94 95
10 18
41 43
66 66
31 36
12 12
18 18
50 54
25 25
47 55
45 47
79 79
18 19
12 12
10 12
48 48
71 71
31 37
11 11
49 49
87 89
16 17
20 21
91 95
79 86
63 63
34 34
51 53
15 25
36 36
26 26
67 67
81 81
96 96
22 25
8 8
29 29
66 67
30 30
80 86
58 58
66 66
81 88
28 28
77 81
100 108
57 61
66 73
44 44
20 20
4 6
5 5
27 27
4 11
70 70
16 23
11 11
23 27
35 35
13 19
44 48
42 42
19 27
48 54
17 20
42 42
54 54
4 7
98 103
29 32
5 7
19 19
23 32
67 67
13 13
74 74
40 40
4 13
30 30
80 80
1 1
86 91
57 65
56 56
37 38
43 43
44 45
62 62
51 51
61 62
4 4
86 93
38 38
19 19
76 76
69 71
64 64
48 58
20 26
61 65
74 74
99 99
40 40
46 48
27 28
25 28
20 24
45 45
86 86
54 62
35 40
74 80
67 67
74 74
98 108
79 89
62 72
12 12
87 87
3 3
21 24
75 75
87 90
49 49
61 71
57 61
52 52
92 100
82 92
86 94
97 97
12 21
46 55
59 59
3 6
57 57
89 97
34 34
57 57
53 55
29 29
4 4
87 93
100 100
95 100
100 100
38 44
18 18
31 41
3 3
62 62
82 84
68 70
7 7
10 10
29 32
48 51
99 99
0 0
64 68
60 60
34 36
65 65
55 55
87 87
16 16
70 70
61 61
2 2
45 45
74 74
62 62
87 90
29 36
26 34
100 109
60 67
99 99
31 31
40 48
4 5
71 76
52 52
19 19
35 35
67 76
46 46
19 27
9 13
19 26
71 72
55 63
39 44
69 73
79 79
58 63
17 17
46 46
89 93
71 74
99 99
24 24
60 60
54 54
2 2
10 20
100 100
91 93
66 66
28 28
70 74
5 5
4 4
16 16
75 75
57 57
26 26
7 10
42 51
88 88
56 64
71 80
93 100
83 83
88 88
17 21
59 59
0 0
55 60
31 31
24 24
73 73
84 90
51 52
42 48
27 33
51 51
90 97
33 33
90 90
25 26
72 79
31 31
57 57
69 69
23 23
92 101
72 82
72 72
42 49
90 90
88 88
3 3
74 76
10 12
43 43
1 1
17 24
57 57
32 32
9 9
3 3
45 47
85 92
1 5
27 30
70 70
30 35
40 44
15 15
58 60
3 3
34 34
2 2
88 88
100 100
25 29
100 100
30 37
38 45
61 61
16 25
74 74
37 37
70 70
62 62
39 43
75 75
14 23
17 19
58 58
28 37
73 81
67 67
94 94
73 73
43 45
30 30
56 61
18 18
74 84
26 26
82 82
33 36
5 5
12 12
40 40
12 15
61 61
87 87
35 45
56 63
91 98
37 44
1 11
97 102
35 42
89 89
84 84
54 60
85 86
26 26
8 9
91 99
6 6
26 26
61 63
57 57
76 81
0 2
45 52
97 97
38 42
88 88
28 28
7 10
12 12
24 24
83 86
71 71
80 84
38 38
51 57
31 31
22 22
66 66
62 62
20 28
53 53
83 83
97 106
1 1
57 58
85 85
0 5
69 69
1 5
68 68
16 16
53 53
77 77
45 52
23 26
2 5
9 18
69 69
27 27
13 22
46 54
69 73
76 76
51 59
58 58
14 14
51 51
26 26
60 60
19 19
0 7
62 62
25 25
83 84
33 41
47 48
5 14
22 25
14 24
4 4
84 84
38 38
32 32
34 35
84 84
50 50
41 46
55 55
45 45
90 90
95 98
47 55
54 64
73 73
80 80
69 79
12 22
39 39
85 85
64 64
61 67
9 9
53 63
32 32
4 4
47 49
93 93
16 16
90 90
73 73
92 92
23 33
26 26
74 74
42 47
44 44
97 104
22 22
74 74
76 76
92 101
68 68
77 77
82 82
85 89
35 38
87 87
56 56
96 106
45 53
45 49
40 40
85 85
22 22
47 49
15 25
11 11
81 90
25 26
80 87
50 50
34 34
42 50
58 68
35 42
12 12
8 8
47 52
41 42
48 58
44 51
8 17
70 78
87 97
95 95
24 34
0 0
56 56
12 17
27 36
68 68
99 99
64 65
73 73
17 17
21 21
84 84
57 66
20 20
20 20
4 4
68 77
77 78
71 71
32 42
20 23
44 44
47 47
58 68
28 28
19 29
89 97
56 65
67 72
55 55
73 83
75 79
3 3
67 67
57 57
97 97
0 0
14 14
56 63
97 97
9 9
97 105
76 79
94 103
59 64
74 74
95 99
27 27
40 48
3 7
26 26
47 51
10 10
27 33
72 72
14 14
30 34
36 43
37 47
71 76
93 93
6 6
40 40
55 57
53 61
20 25
22 29
15 15
76 76
9 9
54 57
64 73
2 11
8 8
97 101
38 38
31 31
32 34
50 54
11 11
84 84
75 80
75 75
17 27
46 54
53 53
29 29
51 53
12 17
63 63
79 79
75 75
82 83
32 32
60 61
81 89
11 11
48 48
70 70
68 71
52 52
44 45
80 89
92 97
26 29
97 100
32 37
78 78
95 95
24 27
56 56
63 63
65 70
75 75
92 93
65 65
68 68
71 71
80 83
100 107
4 4
30 39
44 44
9 9
90 99
55 55
96 96
57 57
72 72
74 78
45 45
38 44
73 73
84 84
4 13
62 65
66 71
32 32
0 2
35 39
89 95
45 45
41 41
23 32
1 1
16 23
67 67
51 55
26 27
75 79
25 25
75 75
71 74
36 37
26 26
65 70
37 41
84 84
39 39
97 97
50 60
56 56
50 60
16 23
92 92
86 86
80 80
92 92
12 12
58 61
4 13
65 65
90 95
37 38
98 99
96 96
58 58
33 36
23 23
89 89
34 34
94 100
64 64
15 15
68 68
14 14
0 8
54 60
6 6
41 45
1 1
45 47
15 15
7 7
63 65
7 7
34 40
93 93
32 38
55 61
97 97
44 44
78 79
0 0
56 59
58 68
84 86
15 15
2 6
4 8
66 66
100 109
50 56
70 70
67 67
60 60
63 63
45 52
31 33
50 51
75 76
71 81
68 76
47 47
95 99
74 74
28 28
71 71
71 80
20 20
89 94
9 9
65 74
3 4
7 13
85 85
72 78
35 35
1 1
71 80
30 30
47 47
19 19
78 78
30 30
49 49
19 19
85 85
42 42
87 93
91 91
51 51
71 71
3 3
39 39
98 100
88 94
54 61
78 78
39 39
81 81
76 79
79 80
28 34
29 39
100 105
60 60
92 92
81 81
48 48
20 20
72 72
16 16
0 7
100 109
38 38
95 103
77 86
67 76
38 39
90 90
35 35
70 73
73 81
65 71
34 34
38 45
77 77
96 96
91 91
78 78
66 68
77 78
37 37
28 38
31 39
66 74
68 68
85 91
40 46
23 27
11 13
57 65
25 35
35 35
34 35
5 5
92 93
7 7
71 76
56 57
38 42
76 86
50 51
60 61
53 53
83 83
81 90
70 70
29 33
87 97
8 13
1 1
42 42
99 99
62 69
82 82
17 17
92 92
63 64
44 54
62 62
16 20
65 65
73 80
91 91
86 86
51 51
28 29
71 71
47 47
24 28
51 56
26 26
6 6
78 78
10 19
7 7
41 41
14 14
61 61
57 57
82 84
25 35
18 28
50 60
61 65
75 75
80 80
16 16
2 2
61 71
55 55
25 30
35 35
22 29
84 84
4 4
42 50
58 58
38 40
12 15
41 46
71 71
53 53
23 24
99 99
86 86
16 16
27 29
16 16
79 79
6 11
86 87
69 69
30 30
41 41
24 24
24 30
45 55
98 102
97 107
66 70
42 47
94 102
74 74
67 74
36 36
59 59
65 65
70 72
67 67
56 66
23 23
78 78
87 87
30 30
11 11
15 15
13 23
66 66
9 11
57 57
72 78
0 4
29 39
5 11
82 82
98 104
43 43
42 42
53 53
82 82
28 28
38 38
94 94
31 31
0 7
63 63
78 78
16 16
23 23
76 80
57 66
48 48
26 26
88 90
78 78
12 12
5 5
24 27
51 51
40 47
4 10
65 65
72 72
10 10
80 80
37 37
32 33
53 56
29 29
43 43
99 108
38 46
42 51
25 33
99 99
57 62
87 90
38 39
95 100
33 34
38 45
21 21
50 50
4 14
61 62
72 72
71 79
31 35
61 61
15 25
13 13
28 28
3 3
63 63
31 40
80 84
97 100
38 38
1 8
73 73
14 14
86 88
6 14
54 56
53 59
60 60
41 43
53 53
44 44
9 9
95 95
17 23
83 85
15 19
29 31
66 68
55 55
61 61
87 94
10 15
40 40
7 17
1 6
19 24
90 90
80 90
37 37
45 46
4 4
54 54
85 85
45 45
49 49
50 57
23 23
42 47
27 28
64 64
13 13
13 13
8 14
30 30
70 77
38 41
99 108
79 79
52 52
11 11
24 26
14 14
45 45
90 90
9 9
14 14
8 13
53 53
4 8
25 25
20 26
70 73
45 48
17 17
23 25
53 57
60 60
59 59
73 73
13 18
91 91
17 27
47 50
45 45
13 17
21 21
78 78
32 37
13 22
33 33
35 35
92 98
46 48
30 30
73 82
17 17
56 56
71 71
67 72
50 60
19 21
85 85
30 31
100 100
61 61
70 70
87 91
39 39
59 67
98 98
93 100
77 79
50 56
12 14
53 53
1 11
14 14
51 51
33 33
97 97
8 17
21 21
95 95
93 101
31 31
54 54
88 91
49 54
30 30
76 84
9 15
62 62
61 63
31 34
89 89
4 10
37 40
24 27
71 71
92 98
42 42
58 67
66 66
68 72
12 12
52 54
18 18
36 42
59 61
54 54
95 104
79 85
26 27
77 77
82 82
94 104
52 55
58 58
28 28
24 24
5 6
5 11
39 49
25 33
88 93
54 54
63 66
75 75
36 36
62 62
35 35
64 64
24 24
100 100
49 51
5 10
66 74
39 46
11 14
13 13
36 45
67 67
89 93
21 23
18 18
83 83
17 17
10 10
45 49
61 62
68 68
29 29
3 7
53 53
7 12
16 26
55 55
84 88
49 53
98 107
50 55
14 14
66 71
49 58
77 77
98 103
97 104
5 7
97 102
77 77
100 101
91 92
84 89
76 80
65 67
87 88
79 80
60 65
28 28
48 52
79 79
52 52
100 100
28 36
70 70
37 37
60 66
89 89
85 95
69 72
91 97
97 98
40 40
22 27
22 22
48 48
3 3
13 22
88 88
70 70
19 26
94 103
2 2
82 82
29 37
79 79
7 14
53 53
59 59
15 15
71 76
17 17
13 13
8 16
13 13
43 43
16 18
100 101
50 50
38 42
32 32
11 11
38 38
97 100
19 19
49 54
35 38
50 50
35 35
2 5
19 28
47 47
59 59
1 9
12 12
61 67
63 63
35 44
37 47
20 22
27 29
54 63
92 92
93 93
30 32
16 16
88 88
52 52
55 64
30 39
33 33
56 57
6 6
25 26
82 82
84 84
71 71
67 77
38 46
42 51
6 6
79 87
58 59
60 60
99 99
62 70
93 98
78 84
15 25
0 0
96 96
73 73
8 13
100 100
12 20
53 53
95 101
51 51
79 79
45 45
61 62
6 11
38 38
75 75
82 82
22 23
58 58
82 88
73 78
1 3
6 6
87 87
53 53
5 8
66 66
59 60
12 14
44 44
48 56
84 90
49 49
50 54
43 43
11 11
98 98
86 93
29 30
35 39
35 37
74 80
68 68
0 2
25 32
34 36
11 17
34 34
5 14
30 30
29 33
81 81
65 72
97 97
79 88
57 57
76 76
48 48
6 10
25 25
76 79
61 61
53 53
12 12
21 23
4 4
33 33
35 35
24 24
51 58
6 15
62 62
56 56
4 12
17 21
39 39
12 22
65 65
4 11
32 37
63 70
80 81
80 89
35 42
16 16
89 98
71 79
1 10
63 64
53 53
14 22
62 67
27 36
88 91
34 34
65 65
16 23
7 7
0 1
54 54
25 32
84 84
43 43
28 28
68 68
80 80
5 5
6 7
77 77
22 22
93 97
44 44
10 10
62 65
31 31
61 64
41 44
26 26
97 97
91 91
1 2
53 53
15 15
65 72
63 73
85 85
4 14
23 23
51 54
30 38
52 52
40 40
30 30
82 82
88 88
70 76
9 9
19 19
26 26
95 95
36 37
32 32
2 2
67 67
40 40
60 65
31 38
100 100
84 84
24 24
39 39
53 53
56 56
60 60
85 85
81 89
60 60
38 38
26 26
40 43
82 86
79 86
58 67
93 93
50 51
95 95
77 83
41 41
97 97
86 86
90 99
7 7
17 20
76 76
31 36
43 43
97 103
55 55
88 98
71 74
43 50
89 89
48 48
29 33
79 89
64 65
0 0
100 100
56 56
54 61
32 32
22 22
14 15
72 75
88 91
21 21
14 14
14 21
26 35
67 73
5 5
52 57
81 81
0 5
86 86
52 52
67 76
26 26
61 70
62 62
46 46
48 58
25 31
79 79
11 19
38 38
88 98
81 81
10 18
26 26
24 27
65 65
55 63
28 37
71 71
46 55
60 60
67 67
40 48
59 68
63 63
98 103
80 80
96 97
2 4
39 39
6 6
51 60
82 82
94 94
41 48
33 33
35 35
87 87
48 57
65 65
17 20
9 15
4 12
96 96
39 39
38 38
49 59
4 7
83 93
29 30
33 33
71 71
24 26
73 73
73 73
70 78
23 28
90 90
81 81
97 100
74 74
55 55
91 91
21 21
97 97
91 91
37 37
94 94
14 14
90 94
86 86
32 42
82 88
11 19
70 78
6 7
92 92
14 14
72 72
39 39
69 69
50 50
74 79
22 22
85 90
14 14
82 85
78 78
53 62
98 98
8 18
72 74
31 31
53 53
95 95
12 19
83 83
90 90
48 48
50 50
74 84
91 96
98 98
62 67
37 44
54 54
28 34
11 11
13 17
24 24
74 74
43 43
57 57
34 40
15 15
61 61
16 21
14 14
11 11
48 52
49 49
51 57
57 62
52 52
47 54
72 75
80 80
33 37
92 93
48 49
98 106
50 50
47 48
8 8
48 48
49 49
27 27
16 16
50 50
85 85
3 13
86 86
90 90
76 76
87 92
49 49
35 45
51 51
47 47
82 87
91 91
56 56
52 60
65 66
33 33
76 80
21 21
23 31
63 65
94 103
70 70
66 66
58 58
28 38
72 72
88 88
69 69
28 28
44 44
100 100
23 23
43 44
13 13
7 7
92 96
23 23
35 35
10 10
3 3
73 80
85 86
27 34
44 45
83 84
92 92
23 26
100 100
27 27
21 30
97 105
20 20
43 51
64 64
43 43
31 31
21 27
83 83
65 75
17 19
39 39
85 94
35 35
34 38
64 66
13 13
43 48
46 52
48 56
7 7
18 28
32 37
20 20
23 33
87 87
27 36
79 79
13 15
15 15
62 62
48 48
51 57
95 95
32 32
62 69
14 14
18 22
37 40
34 39
52 52
6 13
97 97
58 58
62 67
27 30
64 64
86 86
51 55
90 97
24 34
19 20
46 46
98 98
44 44
60 70
9 14
83 92
25 25
41 41
42 42
21 30
11 11
44 50
45 45
0 0
42 47
29 29
33 43
95 104
93 96
87 92
7 8
16 16
87 94
26 36
36 36
78 79
46 46
13 13
67 67
73 74
47 53
2 9
48 48
38 43
26 31
71 81
59 69
33 40
15 17
3 8
49 58
33 43
88 90
84 84
59 63
9 18
20 20
40 40
82 82
20 20
18 26
16 21
29 30
58 58
16 16
4 4
90 90
69 79
43 43
31 32
46 46
14 14
89 89
92 97
23 23
74 74
8 18
2 6
23 23
22 22
60 69
98 98
27 37
67 67
28 33
54 58
11 20
92 94
32 32
29 29
87 89
24 26
16 21
20 20
23 23
52 60
74 79
65 74
7 17
39 39
27 27
81 81
10 10
84 93
45 50
9 18
52 52
71 71
83 89
47 50
30 36
37 37
93 93
39 43
69 69
99 99
75 75
89 89
64 67
16 16
60 63
91 91
65 68
74 78
9 12
50 50
89 95
26 26
83 83
46 46
30 30
4 12
63 65
37 37
95 95
0 8
9 12
33 37
99 99
16 16
60 60
31 31
51 51
67 67
13 13
27 27
78 78
81 89
91 93
59 59
11 11
13 13
71 75
99 99
97 101
53 53
59 63
21 22
30 38
63 72
75 83
70 76
56 56
96 96
26 26
76 76
90 90
73 81
60 61
25 25
7 10
27 32
18 19
33 33
61 61
22 24
26 29
94 94
65 65
18 18
70 70
34 34
53 53
95 99
95 96
24 28
90 90
35 35
57 63
26 30
64 73
74 74
12 12
8 17
90 90
35 35
45 53
13 13
66 74
61 61
14 14
86 95
60 60
57 63
1 1
5 8
23 30
38 38
99 99
37 39
37 37
75 75
59 66
84 84
78 78
25 25
69 79
67 67
90 90
91 91
10 13
92 92
81 86
46 53
37 38
31 31
91 91
84 84
21 30
52 62
26 27
17 17
22 25
28 28
13 13
67 67
23 25
93 93
4 4
64 64
50 50
17 17
52 52
67 71
94 94
78 82
57 65
85 85
78 81
78 78
93 94
4 4
29 29
89 97
65 65
4 10
13 13
82 89
1 1
34 34
63 71
29 36
66 66
88 88
58 67
51 57
17 24
78 81
36 36
84 85
20 25
25 27
0 0
0 6
70 70
35 41
80 88
38 38
87 87
43 43
35 39
67 68
85 85
60 65
9 9
41 49
85 90
70 70
82 91
78 84
67 67
1 1
35 35
86 86
87 87
41 41
2 2
24 24
10 10
64 64
74 74
36 38
89 89
51 51
41 41
60 68
83 84
58 59
19 23
14 16
48 57
81 91
38 38
17 20
59 59
48 48
19 19
51 51
74 83
74 74
51 58
33 41
23 26
28 38
63 63
17 26
44 44
56 60
82 82
35 40
58 62
75 75
11 18
14 14
10 10
86 92
95 95
100 103
18 18
3 6
79 79
65 65
53 62
62 62
59 59
36 38
34 42
51 56
68 68
5 5
19 19
1 5
33 33
18 24
45 45
53 53
20 20
76 76
52 62
88 98
37 37
49 49
48 55
99 105
23 29
67 67
98 102
24 24
95 103
24 30
73 73
26 26
18 23
20 20
6 16
74 74
81 81
39 39
60 68
13 14
58 68
51 51
30 35
2 11
41 41
10 10
68 76
96 102
53 63
71 71
38 38
69 79
87 90
41 49
46 46
51 51
28 38
71 71
33 43
40 40
46 46
18 21
81 81
41 51
62 72
36 36
25 25
7 10
27 27
30 30
24 28
8 8
96 101
60 60
80 87
24 32
88 92
89 89
11 11
67 75
82 82
33 33
49 49
45 48
87 93
30 30
9 9
59 59
41 41
95 105
80 88
61 68
15 15
50 54
40 48
79 83
56 56
84 91
84 84
76 86
41 47
99 99
41 41
100 100
98 107
58 67
11 15
85 93
10 10
95 97
53 53
69 78
54 57
41 41
99 106
46 56
68 68
18 18
51 51
88 88
69 76
23 23
34 35
82 82
71 71
21 21
61 61
25 25
30 30
14 14
72 72
90 90
22 24
85 95
39 39
48 48
20 22
39 45
85 85
81 81
99 99
2 5
20 20
2 3
3 3
24 26
32 38
39 41
85 92
96 97
36 40
39 47
86 90
26 28
46 46
97 103
96 104
68 68
98 103
87 87
5 5
13 13
23 25
65 65
31 35
43 44
39 42
33 33
34 42
37 39
48 48
92 92
82 86
92 92
53 53
10 10
74 74
29 29
81 86
87 87
14 14
5 7
30 38
78 78
4 4
93 95
91 91
86 92
69 78
75 75
3 11
42 49
85 85
33 33
66 72
20 21
15 25
24 24
27 30
83 86
12 15
97 104
9 17
12 19
12 20
17 24
15 25
78 78
51 59
78 78
26 26
56 60
71 71
78 78
99 100
57 61
12 12
12 20
36 39
5 12
66 73
85 85
67 71
98 100
18 20
27 31
3 3
82 85
68 73
83 83
65 74
13 22
56 56
53 53
45 45
2 2
19 19
51 51
12 12
56 62
35 35
43 45
1 1
15 16
61 68
24 24
80 80
88 88
99 99
64 68
84 84
44 48
93 94
3 3
36 36
69 73
32 32
85 85
81 91
21 21
82 82
63 70
72 73
70 70
54 62
69 75
0 5
95 95
2 3
4 11
69 69
14 23
36 36
12 17
92 96
63 67
4 14
14 23
77 79
27 27
36 42
23 23
82 87
54 61
54 64
99 99
22 22
34 43
8 10
7 7
74 76
21 24
82 88
33 33
54 62
23 23
47 47
20 28
13 19
20 20
8 17
49 49
41 41
52 62
34 34
47 47
76 84
39 46
54 54
71 71
66 68
93 97
44 44
90 93
52 52
42 42
58 67
31 34
75 77
42 46
99 100
83 83
60 60
39 45
36 36
57 57
86 87
0 0
20 20
48 48
54 54
7 7
78 78
1 7
61 68
95 95
42 42
92 92
72 72
62 65
99 101
9 9
12 21
50 58
83 83
90 98
92 99
1 2
16 19
94 102
48 55
25 31
90 90
40 40
59 59
71 77
85 86
67 69
57 57
78 78
25 29
10 10
37 39
23 23
48 48
95 95
73 79
91 97
64 70
30 30
5 5
58 58
61 71
62 62
14 22
76 76
56 56
46 54
94 97
73 78
24 28
71 75
81 81
29 34
78 87
47 47
7 14
63 73
26 36
7 7
88 88
39 46
78 79
20 20
25 28
5 5
55 57
50 50
4 4
80 85
39 46
52 62
69 69
9 13
4 6
88 88
96 102
26 26
90 95
50 55
71 81
4 4
47 47
16 16
86 91
17 26
10 11
9 15
63 71
89 89
33 37
94 97
84 84
20 29
52 59
85 85
56 56
69 71
10 17
27 33
63 68
33 33
50 50
19 19
88 88
59 59
7 7
71 80
73 76
95 95
29 29
75 85
55 55
92 95
97 97
95 99
74 77
77 77
4 4
37 37
91 91
59 59
82 92
17 21
74 76
83 83
16 20
49 49
74 74
5 5
90 90
5 14
15 15
35 45
72 72
9 15
15 24
10 10
24 24
91 91
82 90
2 2
43 43
61 61
66 66
60 64
42 43
33 35
86 86
53 53
10 12
38 38
56 56
98 105
39 41
99 99
88 93
43 45
70 72
94 100
8 12
0 0
18 18
63 71
3 3
98 99
41 41
58 58
79 79
51 61
52 55
62 62
72 72
71 74
43 43
31 34
85 85
80 80
92 95
9 9
19 19
43 52
6 6
56 61
55 55
12 18
21 21
40 40
73 81
14 15
1 4
12 14
7 7
73 73
69 72
81 89
79 79
0 5
21 21
94 94
93 95
2 8
66 66
42 42
43 46
86 96
9 9
30 36
59 64
22 30
86 86
74 74
25 25
95 98
42 42
61 61
98 100
21 27
54 62
93 93
97 103
26 26
7 7
5 14
78 78
98 108
4 4
60 63
14 22
27 30
52 52
86 86
46 48
9 9
15 15
13 13
75 82
5 5
45 45
2 2
16 25
18 18
26 26
95 95
7 14
0 0
47 47
88 96
29 29
37 44
0 10
68 68
77 87
77 77
50 58
21 21
7 12
63 70
57 57
72 78
13 18
42 50
49 49
68 68
31 39
0 8
42 42
34 34
16 16
67 70
51 55
21 27
50 59
4 4
32 33
28 28
13 13
56 58
49 58
2 2
51 51
10 10
52 53
44 44
75 84
27 27
7 7
6 6
85 85
83 83
100 100
79 79
2 8
57 65
100 105
29 29
12 12
77 83
42 42
54 54
20 20
87 87
77 83
27 29
4 9
47 47
44 44
27 36
16 23
23 23
28 28
12 12
33 33
85 89
100 100
59 69
35 40
43 45
34 38
83 83
85 85
25 34
72 72
22 29
67 70
20 30
20 23
36 39
87 96
89 89
20 26
16 16
29 29
71 72
90 100
44 51
52 52
39 49
2 2
38 44
19 22
95 102
92 96
82 92
81 81
94 96
82 88
51 51
64 72
85 85
49 49
37 37
17 17
76 76
32 39
47 50
14 15
77 83
72 72
95 95
0 0
66 66
39 42
7 7
57 57
62 65
62 72
57 62
48 51
27 27
14 14
47 47
31 40
98 100
9 9
15 15
38 38
42 51
62 72
87 87
80 86
70 70
42 42
40 47
93 100
0 1
56 64
49 49
3 4
10 10
5 6
30 39
35 35
18 18
30 30
98 108
63 63
88 88
23 23
7 10
50 50
32 32
82 84
95 95
91 97
81 90
17 19
0 0
15 15
46 46
46 46
98 103
71 74
33 33
39 43
47 57
96 104
35 35
92 93
35 38
90 90
72 75
61 61
73 73
74 84
2 11
43 43
32 32
33 41
6 6
89 89
0 6
27 27
19 19
54 54
3 3
53 53
2 2
100 100
100 109
21 21
84 84
75 79
62 70
61 61
21 23
86 86
89 89
21 30
77 80
91 99
59 59
25 25
50 51
37 41
28 36
2 12
57 61
91 91
97 101
7 13
6 9
10 14
19 19
90 100
0 10
56 62
59 69
72 76
50 60
42 42
1 3
55 55
20 26
29 29
47 52
44 51
30 30
77 84
38 39
56 56
77 77
37 37
84 84
98 102
78 85
67 67
88 96
55 55
16 20
14 14
35 35
8 8
84 84
63 66
79 85
6 6
19 27
60 60
0 1
79 79
81 81
50 50
97 105
70 78
71 73
74 78
22 22
88 88
87 97
4 6
10 10
95 102
59 59
28 28
72 74
80 84
64 73
43 49
2 2
42 42
53 57
98 98
38 38
84 84
75 76
96 99
65 68
21 31
18 18
56 66
96 96
98 98
48 48
43 49
16 19
43 43
89 89
1 1
11 11
68 68
5 5
13 18
26 28
21 27
49 49
52 52
58 58
76 76
47 47
17 17
47 54
95 95
91 99
69 69
89 95
2 2
55 55
2 2
17 17
2 8
63 63
61 63
17 17
33 33
34 41
83 87
23 29
58 58
5 5
25 30
58 60
74 77
63 63
26 26
14 21
22 28
95 95
96 99
29 34
96 100
31 35
11 11
2 2
25 27
94 101
41 46
29 29
79 79
47 56
34 41
64 73
36 36
63 63
25 34
34 40
91 95
54 60
57 62
12 15
65 65
85 85
30 30
93 103
87 87
34 43
55 55
73 78
52 62
39 39
65 70
28 28
91 91
47 52
37 37
33 41
63 63
21 22
20 29
25 25
15 15
69 69
57 67
84 84
47 47
1 6
27 27
80 85
93 93
93 95
86 96
52 58
60 69
51 51
90 97
65 75
9 18
68 71
12 18
63 70
60 68
63 65
42 50
84 84
99 102
42 52
57 57
31 32
98 98
60 61
9 13
79 79
69 74
59 69
45 45
31 39
12 22
25 25
12 13
13 15
73 82
49 49
7 10
84 84
44 46
94 104
6 6
47 52
14 14
68 68
52 58
37 44
93 93
37 37
43 48
60 70
13 13
81 83
95 96
77 77
9 18
82 82
85 89
56 62
89 97
22 22
43 43
58 68
40 40
83 83
84 87
67 67
66 71
30 30
82 82
56 63
25 25
28 32
5 5
84 94
17 22
9 9
93 93
13 17
88 88
15 17
13 14
19 19
52 54
65 68
4 4
75 75
1 1
38 40
90 90
53 61
16 16
39 39
87 95
95 95
55 61
42 49
96 96
97 100
36 36
22 25
60 68
76 76
6 10
7 7
7 10
21 24
94 101
49 49
65 65
13 14
57 57
40 46
15 19
86 89
5 14
83 83
96 96
5 5
83 89
28 33
65 65
19 26
72 79
79 79
23 23
58 61
52 52
31 41
77 77
17 17
49 52
31 31
50 56
20 20
2 2
16 25
58 58
44 44
84 86
93 96
85 85
77 81
74 80
91 99
90 98
8 18
8 9
44 44
19 19
55 55
12 15
56 56
20 22
32 42
19 19
13 16
33 33
52 52
82 90
27 27
4 13
31 31
26 26
81 81
43 43
3 4
75 76
67 69
66 66
86 86
84 89
76 76
92 97
18 18
40 40
62 62
17 17
7 7
69 71
48 51
52 52
13 16
38 38
1 9
6 10
100 101
57 59
93 97
70 73
33 42
74 83
33 33
47 56
16 21
86 86
15 15
79 79
74 84
87 87
68 71
2 11
29 33
67 67
46 46
14 21
27 35
53 63
61 61
6 6
73 73
36 36
85 85
83 83
35 37
16 17
82 92
26 26
27 27
97 97
52 56
75 75
13 13
14 15
87 87
34 43
75 75
1 1
96 97
4 4
90 92
69 69
71 75
56 56
41 41
17 26
96 104
86 86
33 38
18 18
14 14
24 29
33 33
57 57
84 84
25 25
50 50
92 97
25 25
34 34
42 42
54 57
34 34
41 41
1 1
45 55
68 68
98 107
10 10
24 29
72 78
35 35
48 48
94 94
97 107
35 40
67 67
64 70
41 41
23 26
51 51
16 24
96 96
21 21
13 13
23 23
17 24
13 13
76 78
53 53
85 85
98 105
16 16
85 85
78 78
13 23
24 24
73 83
3 3
6 9
62 68
90 95
90 90
89 89
62 62
86 86
9 9
26 26
69 69
69 69
21 21
57 58
36 41
13 16
17 27
36 39
33 38
49 52
84 85
95 95
47 47
90 97
58 68
32 41
93 93
86 86
35 39
38 38
42 44
4 11
80 80
64 64
69 73
38 38
24 29
22 31
14 14
71 78
11 11
6 15
48 56
16 18
81 82
14 14
62 62
90 92
83 83
41 46
61 61
64 64
99 99
21 25
48 54
36 40
39 44
17 17
35 35
69 72
40 40
34 34
16 24
18 18
39 42
49 56
33 37
35 38
48 48
19 19
82 82
32 42
15 15
57 57
98 103
43 43
39 42
24 24
72 72
75 81
38 46
29 36
31 31
23 24
58 58
78 80
26 36
10 18
15 22
34 39
1 1
37 40
44 44
94 94
63 63
93 101
32 32
69 69
37 37
30 30
55 62
70 72
66 72
6 6
45 45
73 73
59 59
61 70
37 45
26 26
25 35
34 44
40 40
92 92
51 59
49 51
90 90
88 97
71 71
8 8
26 31
15 24
9 10
93 103
79 85
87 87
15 15
71 71
72 72
65 71
90 90
43 47
53 63
46 46
99 101
40 40
81 85
57 66
0 10
95 95
73 73
92 95
76 76
58 58
11 11
12 12
78 87
21 28
88 88
65 65
94 94
15 15
0 4
0 0
91 99
16 16
33 37
72 72
52 59
9 9
0 6
12 12
31 31
42 44
48 48
34 38
34 34
9 14
1 1
95 95
64 64
5 7
10 17
44 44
88 95
35 35
64 69
38 38
87 96
17 17
15 24
87 96
36 40
80 80
94 94
68 70
88 88
52 52
41 41
88 90
85 94
56 56
23 23
35 35
64 64
30 30
81 81
18 24
26 36
1 9
39 41
10 10
99 105
13 13
10 18
74 82
5 9
43 43
100 104
87 87
0 6
20 20
84 84
41 42
48 48
59 68
83 93
91 91
80 90
93 102
68 78
99 103
2 2
4 4
83 83
45 50
31 31
67 67
4 8
16 16
44 48
90 90
25 25
98 98
71 76
10 18
92 92
45 50
76 76
52 52
40 40
74 74
18 22
58 67
71 71
67 70
83 93
48 48
66 74
63 63
60 63
21 21
90 98
78 86
43 43
12 12
27 32
91 91
41 41
60 60
80 81
43 43
29 29
100 100
56 56
76 85
14 14
95 95
72 79
99 99
35 44
71 81
45 54
92 98
63 63
9 9
90 90
63 63
66 72
100 105
25 25
57 57
4 4
85 87
42 42
22 22
81 83
17 17
5 5
62 65
84 92
22 31
89 96
66 66
35 43
12 12
3 9
4 4
36 41
41 47
71 71
63 63
79 79
48 48
47 48
18 24
54 62
99 100
48 48
100 100
78 78
7 7
8 8
39 39
8 18
29 29
0 5
79 79
75 75
2 8
80 80
59 59
54 54
65 65
77 82
50 57
79 83
99 99
95 95
29 33
48 52
46 55
2 12
32 32
7 11
98 104
40 40
46 52
15 15
81 81
99 104
75 82
10 10
86 90
47 52
67 67
78 78
54 55
38 44
64 64
93 93
45 45
89 97
15 17
33 40
30 33
95 95
49 50
84 88
77 77
40 40
35 45
72 75
89 89
39 43
74 77
32 32
42 42
31 31
23 23
92 92
27 30
73 73
94 95
78 78
84 86
27 33
11 11
84 85
8 8
94 94
11 11
29 29
80 80
60 66
13 13
29 29
72 72
56 56
14 14
81 81
62 62
33 41
40 50
99 99
17 25
3 3
89 98
24 26
73 79
100 100
6 16
2 2
8 9
92 92
35 41
89 92
95 97
47 51
56 63
20 20
73 78
98 98
70 71
75 77
28 28
42 45
62 67
64 64
52 52
23 23
91 91
47 50
14 14
71 80
11 11
91 91
6 6
84 91
35 35
8 18
61 63
85 93
1 1
84 84
24 24
54 54
78 81
12 18
58 67
9 12
49 49
2 8
19 25
100 100
65 73
3 3
1 1
5 11
28 28
4 4
63 63
89 91
36 36
59 59
81 81
48 52
55 55
9 12
7 8
92 92
35 42
72 72
28 38
86 86
51 56
82 82
76 83
91 91
47 47
1 7
2 10
92 92
7 7
58 64
28 28
39 39
4 9
76 76
5 5
67 67
79 84
44 52
72 82
99 99
86 88
100 100
41 41
40 44
23 23
77 77
3 3
46 48
7 10
66 74
18 18
41 41
75 75
67 67
60 60
79 87
91 91
24 28
16 16
97 105
21 21
89 91
40 40
78 78
76 85
84 84
82 82
90 93
9 14
44 44
34 41
34 39
23 27
89 89
79 79
16 17
52 52
96 100
19 20
12 18
8 8
13 17
33 33
65 68
62 62
76 76
24 34
74 74
35 42
90 96
85 91
71 80
9 9
89 96
85 93
64 64
95 102
39 45
48 53
92 99
44 45
91 91
95 95
69 73
57 65
78 80
45 45
45 53
38 38
83 83
55 58
8 13
28 28
23 23
96 101
45 49
87 87
50 50
66 66
88 97
11 19
33 33
91 95
83 83
40 41
73 73
88 88
33 33
12 12
75 84
51 60
2 2
77 77
65 65
53 53
84 84
1 1
71 71
69 77
91 95
29 29
22 22
76 76
60 60
28 28
97 97
61 61
81 83
92 100
56 56
88 88
21 21
27 27
47 51
56 66
51 51
86 92
93 98
88 89
25 33
57 63
80 80
28 28
70 80
70 71
89 89
11 11
22 22
19 19
95 95
38 38
84 89
45 52
31 38
34 34
51 61
19 19
40 40
75 84
53 54
13 13
35 44
62 62
34 42
64 69
70 77
89 89
83 91
21 21
87 87
53 56
59 69
73 75
83 92
62 72
49 49
70 76
28 28
28 28
54 55
61 64
89 95
87 87
62 62
63 63
18 18
73 73
42 51
14 19
57 58
76 76
48 49
43 43
74 79
14 14
77 77
51 56
23 24
37 39
3 3
80 82
90 90
64 70
87 89
68 77
44 54
93 93
57 65
85 94
52 52
75 75
20 20
100 109
49 49
14 20
41 41
60 63
69 69
89 89
17 27
84 84
48 48
74 74
7 11
23 33
92 96
39 45
93 94
7 7
32 41
26 30
71 73
78 78
71 74
54 57
39 44
8 8
59 65
18 18
87 93
49 49
31 38
78 78
53 53
72 73
11 20
50 50
80 80
76 76
55 56
27 27
49 50
94 99
16 20
84 84
96 106
80 80
39 39
26 28
78 78
79 79
64 70
42 52
63 63
93 93
58 58
53 59
15 15
53 53
90 99
98 98
9 9
61 67
44 44
23 32
47 47
8 13
73 73
46 46
34 34
92 92
6 6
64 64
98 102
38 45
26 26
89 89
61 61
58 67
91 91
99 99
7 10
17 17
21 21
64 71
63 73
41 50
78 78
65 66
87 94
86 86
3 6
42 42
40 45
7 11
58 63
20 26
1 1
99 99
24 33
22 22
21 25
52 62
78 78
69 72
91 95
46 46
34 38
32 32
0 0
87 87
9 16
80 90
42 42
30 33
37 46
6 14
37 37
99 99
40 45
85 91
56 56
28 38
92 95
80 80
34 38
98 98
6 12
9 9
78 78
24 24
73 75
77 77
12 19
0 10
63 70
14 14
57 63
1 1
42 50
66 66
84 84
87 92
23 23
35 35
83 84
85 90
73 79
22 22
100 106
41 41
58 58
20 20
17 20
31 31
86 86
81 81
82 82
10 18
88 90
82 82
60 60
15 18
37 37
44 44
19 21
44 44
95 105
58 60
98 105
61 61
83 88
51 55
87 90
78 78
36 38
33 37
65 65
95 95
93 100
65 66
42 42
82 85
60 61
71 71
78 78
52 52
52 55
40 48
97 105
54 54
4 4
66 67
42 51
52 59
34 34
25 27
33 34
50 50
15 23
41 48
79 79
62 71
70 76
25 26
62 64
12 15
27 27
56 65
97 104
57 63
61 61
58 58
95 97
39 43
77 78
12 18
92 96
100 101
26 26
64 64
5 7
5 14
9 17
1 4
55 55
18 20
32 42
32 41
28 29
76 76
68 68
74 83
81 89
36 46
13 13
31 32
10 10
52 52
88 98
97 102
69 69
2 12
15 15
84 84
26 32
100 100
54 55
66 67
70 77
39 39
75 85
45 55
48 48
21 21
8 13
90 90
85 92
34 41
10 10
34 34
0 4
70 80
43 52
22 22
79 79
70 70
47 47
88 97
37 37
94 94
54 56
80 80
53 55
4 4
36 36
88 96
12 12
73 73
0 1
44 44
47 47
90 92
59 68
39 39
94 100
93 101
98 98
86 95
75 75
79 87
78 87
98 102
75 77
42 50
54 62
14 23
91 94
48 57
44 48
44 44
82 87
66 72
100 100
45 48
48 48
68 76
5 13
58 58
32 33
16 22
32 32
97 101
99 99
15 15
42 42
28 28
74 74
31 31
44 44
21 24
51 55
98 98
35 35
81 81
11 11
78 85
36 45
49 49
51 60
77 77
58 58
23 23
46 55
18 28
6 15
25 30
66 66
31 34
18 18
15 22
92 93
99 99
14 14
35 43
20 20
10 13
11 11
52 52
82 82
43 44
42 42
16 16
100 108
97 98
42 48
33 36
87 87
31 34
61 66
4 4
14 19
48 49
18 18
33 33
10 10
83 88
40 40
58 58
52 52
72 75
45 45
35 36
25 25
68 68
87 90
45 45
3 3
46 56
3 8
84 84
36 41
39 39
79 85
59 59
65 68
26 26
89 89
22 22
1 7
1 1
58 60
21 21
33 37
72 72
3 3
32 35
67 67
73 73
0 0
98 98
16 26
63 71
67 74
55 55
16 16
100 110
97 97
93 101
76 76
1 1
32 32
95 95
81 90
92 92
0 5
83 88
50 59
62 62
46 46
70 79
44 48
36 38
43 43
62 62
17 27
38 38
43 51
89 99
57 57
100 109
19 19
48 56
71 71
76 85
1 1
44 44
54 54
75 82
6 6
0 8
65 65
15 15
23 28
45 45
96 98
94 104
54 59
67 67
19 25
28 28
98 98
13 13
54 54
10 15
79 87
56 56
49 55
90 90
42 42
29 36
24 24
86 86
92 92
30 31
62 71
57 57
76 81
66 76
92 92
100 100
38 44
82 82
16 18
12 12
91 91
8 8
66 66
37 38
19 19
61 69
0 6
87 91
27 37
42 49
28 28
57 66
89 93
7 7
10 10
20 20
19 19
42 42
9 9
85 85
41 45
13 16
91 91
85 94
52 54
66 66
55 55
2 12
97 100
15 24
53 61
51 51
16 23
37 47
90 99
3 3
87 96
93 93
57 63
2 7
24 24
63 64
83 83
31 37
25 25
22 32
76 83
64 67
12 17
96 98
98 104
44 44
30 30
89 89
97 104
44 44
71 71
4 6
70 77
94 94
24 24
98 98
55 56
54 55
2 3
87 93
19 24
49 54
85 86
14 22
61 62
39 39
22 22
69 79
84 84
43 43
72 72
80 90
11 11
76 85
97 98
51 56
43 43
34 42
21 29
99 103
70 70
91 94
37 37
2 2
7 11
100 105
44 50
10 10
3 3
51 51
94 94
92 92
76 76
73 73
100 100
48 52
78 78
47 51
70 70
41 47
37 40
95 101
3 3
95 95
4 4
33 33
88 90
39 48
39 42
84 84
74 80
82 82
5 5
13 13
32 42
34 34
0 0
72 75
14 24
29 35
76 82
32 32
70 70
60 63
66 73
20 28
85 85
52 52
84 91
68 75
70 70
56 56
34 34
79 86
90 98
63 66
78 78
4 4
78 82
10 10
4 4
90 96
96 105
69 69
35 35
11 11
26 27
23 30
54 55
82 82
97 97
25 25
4 4
27 28
10 10
18 18
82 82
82 84
94 94
62 69
22 22
60 62
41 42
0 9
7 10
29 33
32 32
48 50
35 36
97 102
34 34
21 27
8 11
59 69
99 99
0 8
67 67
61 69
40 40
88 93
15 15
8 8
95 95
82 82
53 53
37 40
57 64
71 71
12 13
27 31
17 17
46 46
48 48
40 40
9 14
61 61
18 28
16 16
100 104
97 100
91 101
37 39
88 88
52 52
100 100
61 61
3 11
44 44
17 27
62 70
100 104
73 73
97 104
31 36
57 57
3 3
22 22
95 95
95 95
58 66
38 38
4 11
100 102
90 90
3 3
90 97
63 65
43 46
64 67
88 88
80 90
81 88
87 92
16 16
24 24
75 78
27 35
10 18
22 32
5 5
78 80
32 32
93 94
20 20
44 44
36 36
80 80
13 15
15 22
16 16
51 58
58 62
0 0
4 14
60 60
76 81
36 36
87 87
68 68
29 37
1 1
19 19
2 9
78 78
69 69
68 72
10 15
26 35
69 72
67 68
97 100
45 45
64 64
52 52
14 19
7 7
49 51
48 49
73 73
9 18
19 19
87 87
21 23
12 12
85 92
92 96
37 37
1 7
46 46
55 55
67 67
73 80
57 57
24 24
18 21
67 67
54 54
46 48
30 30
52 61
57 58
94 94
17 17
22 22
52 52
44 44
11 18
0 0
45 45
14 14
5 5
15 23
14 14
90 90
78 79
39 39
40 40
91 91
55 57
34 41
4 4
95 104
65 70
78 82
64 69
76 77
12 14
47 47
9 19
64 64
41 41
98 100
40 40
78 81
68 68
33 33
2 10
60 61
91 94
27 27
60 60
11 14
37 39
80 87
89 96
39 39
38 46
52 56
47 54
8 10
0 0
56 56
34 34
5 5
9 14
10 10
25 25
98 98
42 42
17 19
75 80
62 62
16 25
95 101
96 102
50 58
56 63
69 69
54 57
22 22
6 6
2 2
39 39
76 86
13 13
74 75
56 56
97 101
12 14
83 89
14 16
17 24
40 40
88 88
27 33
59 59
3 3
60 68
17 19
2 2
94 101
93 99
66 71
28 28
13 13
95 96
1 9
73 83
20 30
8 14
83 83
19 19
54 54
87 91
66 66
26 29
37 37
36 36
21 21
43 45
37 37
46 51
83 83
53 60
10 14
95 96
4 4
89 95
93 93
46 47
29 29
15 15
73 78
50 50
12 12
36 43
26 26
36 39
89 89
44 44
6 10
15 21
28 28
100 105
13 13
55 55
68 68
91 91
29 31
93 97
85 94
85 85
91 101
2 2
54 54
3 13
84 84
70 79
11 12
53 57
63 63
90 90
97 107
15 17
10 10
59 65
36 36
65 66
56 56
44 44
98 98
58 58
50 50
82 85
73 73
44 44
10 10
92 92
50 50
11 21
79 79
90 97
88 91
28 28
72 82
0 0
9 9
4 8
51 59
58 61
59 59
19 26
8 10
80 90
3 9
51 51
64 64
37 39
67 70
28 28
27 29
43 43
25 29
27 27
82 84
39 47
95 95
82 82
38 40
96 104
68 68
57 57
45 45
7 16
78 78
25 25
59 59
75 83
34 36
7 9
36 36
34 34
19 29
60 64
89 92
11 14
90 90
23 23
30 30
57 57
17 23
59 59
32 33
36 36
8 8
54 54
87 89
57 61
79 89
45 45
62 70
94 101
49 49
21 28
2 10
14 19
9 9
50 60
51 53
71 71
12 12
64 74
38 48
65 75
17 17
1 5
61 61
24 24
99 99
16 16
71 81
27 37
55 55
25 25
92 97
53 53
42 42
87 95
15 20
79 86
10 17
69 79
12 12
57 67
79 86
71 71
8 8
20 20
81 91
36 36
95 95
72 72
2 2
59 59
3 3
81 81
29 32
49 53
35 35
81 81
12 13
72 72
69 73
99 99
32 32
14 16
62 62
62 62
87 87
5 6
21 22
25 25
79 79
1 6
60 61
97 97
77 77
86 96
59 59
89 93
10 13
62 65
88 97
6 10
91 98
68 68
7 15
9 10
80 80
14 21
86 86
44 44
77 78
58 67
93 94
62 69
22 22
15 15
14 14
49 49
53 63
57 57
17 17
59 62
4 6
13 13
31 38
49 51
25 25
82 82
88 88
56 59
62 62
16 24
30 30
60 60
63 65
31 31
31 31
26 36
78 84
48 48
73 80
64 71
6 12
77 77
76 76
3 10
95 95
80 80
62 63
47 47
50 56
75 84
44 53
89 95
95 105
79 79
54 55
60 60
61 61
89 89
51 51
12 16
56 65
61 61
9 11
90 90
68 72
58 58
99 99
44 52
14 14
87 89
41 41
62 62
26 29
22 22
10 17
23 23
46 46
2 2
57 57
90 90
82 84
53 57
58 58
72 72
56 56
94 94
17 23
88 93
70 74
79 79
27 28
11 20
83 84
58 58
28 28
44 44
15 19
97 106
47 47
43 43
47 50
77 77
16 22
45 51
32 36
95 99
12 12
30 30
71 71
100 109
40 43
33 33
23 23
83 92
89 89
21 21
31 31
86 86
99 99
50 55
43 48
65 75
15 20
36 37
22 22
97 97
54 59
56 66
63 63
63 64
74 74
84 88
47 49
3 9
82 82
10 10
82 89
55 55
20 29
60 60
2 2
62 65
97 98
86 90
74 74
9 14
89 92
56 56
27 27
65 71
30 40
8 11
96 98
9 18
60 63
96 96
24 26
85 86
57 57
18 18
7 7
50 50
30 40
74 74
19 28
29 33
75 83
84 92
81 81
28 28
65 67
90 90
78 81
3 3
12 22
64 64
11 15
46 46
95 95
10 15
83 92
5 5
69 71
21 27
75 79
5 8
30 38
17 18
48 48
98 104
92 99
16 19
46 46
72 72
59 59
83 83
2 9
30 31
94 94
74 76
91 94
32 32
43 50
60 60
46 46
7 7
50 50
5 13
61 64
46 46
67 67
17 17
50 50
49 49
76 76
35 38
52 52
32 40
98 106
85 85
77 81
56 63
100 104
18 18
13 20
73 82
42 50
55 65
49 49
3 13
19 28
54 64
31 31
100 100
22 22
44 54
61 61
80 80
71 71
17 17
66 66
63 64
36 36
52 57
24 24
100 104
13 16
15 20
62 65
2 2
74 79
72 72
19 19
22 26
84 90
97 99
33 38
26 36
21 25
78 84
71 71
23 23
85 87
56 56
72 81
72 73
16 16
19 23
11 13
4 11
81 81
35 44
68 71
79 86
25 31
64 64
31 31
1 6
82 91
94 94
47 54
73 79
63 72
57 63
6 15
91 91
76 76
91 91
8 8
88 88
75 75
60 60
98 105
3 12
70 70
62 67
98 108
22 22
86 86
66 74
100 103
74 74
91 97
14 15
17 20
64 64
5 5
86 93
88 89
84 84
43 43
87 93
63 63
66 75
40 40
64 69
50 50
22 28
27 27
92 92
10 19
87 95
66 66
36 42
11 11
92 92
2 2
58 63
82 82
94 100
1 9
65 65
46 46
84 90
28 33
97 104
1 8
89 89
32 38
90 90
90 94
14 14
63 71
88 96
38 47
33 33
59 59
60 60
18 28
24 28
62 62
50 51
31 31
98 98
72 72
90 90
87 87
78 78
20 20
48 48
16 18
42 43
35 35
61 65
60 70
16 26
25 28
26 33
7 9
91 91
32 32
48 48
24 31
54 58
68 68
3 3
45 53
28 38
28 28
4 14
37 37
61 68
77 86
84 84
67 67
54 58
79 79
89 91
95 100
41 41
79 79
89 96
54 54
9 15
32 40
80 85
16 16
14 14
71 71
81 81
39 39
35 36
3 3
57 57
36 45
12 12
2 7
67 67
21 21
19 27
64 64
77 77
100 105
68 68
88 88
76 82
39 46
98 98
66 66
12 19
38 38
79 89
75 75
63 70
73 73
92 92
36 36
81 89
8 8
33 43
22 29
81 89
19 19
51 51
83 84
38 40
0 0
36 36
71 71
85 85
59 61
69 69
79 79
60 60
10 17
31 35
45 45
35 36
33 43
26 28
23 23
41 46
69 73
62 63
7 7
48 48
88 89
99 109
55 63
47 47
13 16
94 94
61 69
76 76
13 23
31 31
69 75
33 33
67 67
81 81
19 19
97 97
87 96
54 54
59 65
4 4
87 87
46 46
25 28
58 58
21 26
38 44
95 95
90 95
38 47
81 81
45 51
31 31
75 75
89 90
9 9
16 16
92 100
37 37
4 12
4 6
92 92
79 89
80 82
25 25
91 96
36 36
25 25
64 64
9 19
46 47
94 97
24 28
98 98
98 98
1 5
84 84
83 89
46 49
62 62
69 74
4 4
44 44
90 100
86 92
71 71
90 90
81 81
1 1
86 86
67 67
83 83
5 11
17 17
84 91
39 39
60 60
88 89
1 1
37 46
7 9
52 52
18 19
50 59
41 50
69 69
32 32
29 29
70 73
32 33
61 61
43 52
20 20
91 100
78 78
56 56
92 94
1 10
27 27
95 95
34 34
26 32
88 88
23 23
43 46
84 84
100 109
92 92
13 13
70 70
7 7
83 88
62 62
40 40
32 34
79 85
78 79
87 87
71 71
71 80
13 13
67 72
44 46
10 10
50 51
31 31
61 71
66 68
21 21
7 17
54 62
86 86
23 33
99 99
64 64
38 38
10 18
76 76
45 45
95 99
99 99
52 53
14 14
10 10
41 48
99 105
67 67
47 56
14 14
57 67
71 71
51 56
89 89
60 68
84 84
73 81
92 92
16 19
74 79
34 34
86 87
42 42
40 40
37 44
50 50
83 83
18 25
34 41
80 80
0 0
89 95
31 31
95 95
39 45
84 84
93 96
16 18
42 42
67 67
64 64
1 8
41 41
35 35
0 1
91 100
6 13
17 22
3 6
83 83
7 9
25 35
95 96
62 65
85 91
3 4
69 69
25 30
2 2
5 6
78 78
64 66
63 64
54 61
54 63
51 51
1 1
40 41
85 85
11 15
56 56
90 92
8 18
0 10
39 48
13 15
16 17
7 10
6 15
31 31
91 95
55 57
11 16
7 12
29 39
38 41
9 9
16 22
60 60
15 15
49 49
28 37
26 29
66 66
5 7
9 9
51 51
13 14
15 23
38 38
61 61
94 94
15 15
60 62
37 42
67 67
16 16
20 20
60 60
78 78
54 54
93 93
66 66
56 60
81 89
21 28
1 5
15 15
50 50
80 80
76 79
54 54
83 84
69 69
50 50
9 9
40 42
62 62
40 40
2 2
36 36
25 30
7 7
56 56
68 68
27 28
27 27
87 87
1 9
26 26
58 58
27 27
8 8
6 8
79 79
59 69
100 100
64 66
87 89
87 96
88 89
17 24
22 22
17 20
58 62
64 73
74 81
51 51
23 23
18 18
42 47
23 23
93 93
9 9
86 86
25 27
56 58
68 68
44 47
12 19
98 98
11 20
92 94
1 10
22 29
1 3
53 53
57 57
23 23
82 82
22 23
40 43
66 67
5 5
61 61
63 63
34 34
57 62
57 60
45 45
22 22
14 14
65 65
33 37
90 90
46 46
69 69
17 17
44 44
91 91
94 94
49 49
71 74
54 54
46 52
32 32
84 88
27 28
58 58
49 49
17 17
47 57
57 57
35 35
36 36
93 95
39 39
23 31
60 62
50 56
46 46
43 43
31 39
5 5
5 12
1 4
35 35
77 77
78 85
43 43
68 73
21 23
96 98
57 57
7 7
30 30
34 39
34 38
36 38
45 51
24 24
56 56
69 69
34 34
3 4
53 53
40 40
48 48
42 42
59 66
35 40
61 69
51 58
25 26
18 21
35 35
36 39
51 52
6 13
18 18
67 73
72 75
61 66
86 86
42 45
69 72
71 81
88 88
26 26
78 82
85 85
16 19
0 1
92 99
48 58
21 22
72 79
29 29
59 59
42 42
84 84
35 39
40 44
43 43
27 36
97 97
54 56
86 96
49 49
27 27
15 15
97 97
7 7
12 12
51 60
88 89
85 95
86 86
39 41
85 90
98 98
95 101
77 77
61 61
43 43
71 71
21 21
35 35
56 56
65 65
68 73
27 36
11 11
44 54
56 64
48 54
0 0
77 77
34 34
74 74
32 32
15 16
99 109
91 95
95 100
6 7
56 56
7 7
12 12
21 23
22 22
73 73
62 70
46 46
44 53
9 9
18 18
43 52
90 95
26 33
12 12
35 35
90 90
87 90
77 77
8 14
43 48
34 42
79 88
63 63
75 85
11 20
14 14
6 6
39 48
34 44
36 40
98 107
83 83
73 73
7 7
35 35
11 11
37 44
93 102
40 40
5 5
90 92
95 95
99 106
27 27
90 90
52 52
98 98
91 93
6 6
92 98
46 46
79 79
92 95
24 24
21 21
60 60
72 81
4 4
15 15
34 34
100 102
86 89
63 68
96 98
86 86
34 38
84 92
70 75
52 52
24 26
9 18
36 36
48 51
9 9
37 37
88 98
0 2
40 40
89 98
51 51
7 7
97 97
96 96
26 27
100 100
26 36
9 13
94 94
77 81
31 31
1 2
24 26
49 49
89 92
7 10
6 11
68 68
62 69
43 43
67 73
69 69
49 49
34 41
4 5
3 6
15 18
44 45
34 43
36 36
66 66
84 91
55 57
55 64
51 51
69 69
60 60
3 3
30 36
21 24
53 55
36 36
41 50
3 5
98 104
70 70
32 36
10 14
49 50
95 98
84 91
9 9
20 29
69 76
100 100
10 10
2 11
50 54
9 19
93 93
15 21
23 25
81 81
33 33
91 96
12 14
24 31
55 65
59 59
72 72
64 64
16 19
69 69
1 2
43 49
89 92
5 10
94 97
94 96
86 90
3 3
40 48
91 91
41 41
71 71
20 22
57 57
79 79
50 50
2 3
40 46
87 87
67 73
36 44
84 94
1 11
8 8
98 108
26 26
88 90
84 84
29 34
51 61
9 16
69 70
38 43
31 39
16 16
13 13
10 12
71 71
88 88
24 32
54 54
28 28
76 79
22 32
94 94
76 78
10 15
79 87
40 40
37 43
43 49
8 12
62 62
5 5
56 60
16 25
2 2
28 30
2 2
65 65
65 65
17 17
24 24
67 67
39 39
1 1
64 64
41 41
4 4
71 71
37 42
48 48
27 27
34 34
55 64
4 4
55 57
35 44
15 15
13 22
91 98
25 25
30 39
99 104
80 88
85 85
43 48
48 58
95 95
90 91
17 17
28 30
74 74
86 95
50 50
42 42
2 2
60 60
5 5
2 7
1 9
52 52
70 70
94 103
36 36
95 100
0 0
3 3
1 1
86 92
86 94
92 92
13 13
78 85
51 52
30 35
76 76
51 59
46 46
85 90
72 72
53 53
76 76
70 70
93 93
44 44
29 30
57 62
1 1
6 16
42 42
99 99
21 26
72 72
55 57
30 30
29 30
69 71
73 73
90 90
73 79
25 25
15 15
66 66
69 74
2 7
61 63
0 7
21 21
72 73
68 76
14 14
2 9
43 51
69 69
40 42
92 92
88 90
99 99
69 76
45 55
87 94
57 66
62 65
49 49
78 82
13 22
41 42
95 95
80 88
28 28
27 34
55 60
74 81
6 6
43 43
100 100
49 51
89 89
14 18
85 85
2 2
0 0
13 13
8 8
87 88
86 93
20 20
70 70
42 42
97 97
29 37
65 68
7 12
66 66
31 31
2 9
33 33
12 14
57 61
24 24
9 9
0 0
11 11
65 66
34 34
99 107
0 0
51 51
61 61
38 46
6 14
4 12
50 50
40 43
4 4
29 29
78 85
13 13
98 104
81 81
91 92
93 101
21 30
62 62
26 32
69 69
95 99
7 7
39 39
92 92
90 90
32 32
4 4
80 83
25 34
54 57
11 11
13 18
91 91
23 33
36 36
32 32
28 35
48 48
54 60
13 20
93 96
47 51
76 84
70 72
1 1
86 86
60 61
7 8
29 30
24 31
81 89
71 80
44 45
6 6
36 37
28 28
27 27
89 89
51 59
49 49
38 38
5 11
98 105
69 70
27 27
83 83
42 42
17 17
20 20
12 15
19 19
85 85
36 36
1 6
66 72
47 54
15 15
21 21
26 26
36 36
89 98
71 71
50 56
38 38
92 92
37 43
16 16
31 31
54 64
14 14
61 66
47 51
34 37
88 88
96 96
8 15
81 81
15 25
74 77
62 62
63 63
73 76
92 92
27 27
30 30
10 10
89 89
49 49
42 52
92 99
0 4
86 91
35 45
88 91
99 99
84 84
23 23
24 24
16 16
86 86
3 9
7 11
13 16
49 53
82 82
72 75
41 46
50 50
47 50
12 18
60 65
47 48
74 74
54 54
8 17
99 102
93 93
4 6
91 99
100 110
31 32
17 17
36 38
21 21
83 83
26 34
99 100
19 25
83 83
32 32
74 75
23 23
91 91
78 78
54 54
0 0
40 40
37 41
79 79
15 24
36 36
26 31
100 100
51 51
95 95
65 67
68 68
16 16
76 84
55 62
18 28
48 48
76 76
70 70
48 52
45 49
3 8
21 21
40 40
35 45
41 42
84 91
21 21
94 101
95 95
43 47
54 54
48 48
91 91
20 20
66 69
24 24
10 10
78 78
32 41
4 4
28 31
81 81
4 4
76 76
5 5
76 80
1 2
63 68
47 47
86 86
64 64
10 16
44 44
40 49
91 94
1 7
55 58
27 35
65 65
14 14
24 32
66 75
73 73
49 52
43 45
51 56
89 89
41 41
37 46
64 64
12 20
19 19
96 102
79 83
6 9
95 95
44 48
34 39
85 85
47 57
22 22
79 83
6 6
32 34
82 85
33 34
83 85
1 1
31 40
36 46
67 69
8 17
28 28
58 58
53 53
57 61
47 49
47 55
25 28
71 71
32 32
5 5
54 60
72 75
16 26
71 78
77 77
83 83
18 25
77 77
100 100
43 43
6 6
86 91
78 82
23 23
90 92
70 72
23 31
80 81
89 97
52 53
45 45
64 70
31 31
67 67
73 73
50 54
70 70
72 72
51 51
64 68
73 78
92 92
44 44
4 4
38 38
34 43
80 80
49 56
9 16
6 11
89 91
79 82
56 61
91 92
16 20
18 18
24 24
66 71
53 57
32 32
1 4
6 6
95 96
90 90
67 69
54 57
99 101
12 12
96 106
85 85
3 3
68 74
68 68
60 60
47 47
46 50
78 84
93 93
79 86
58 65
51 52
65 71
34 40
23 23
64 67
23 30
81 82
80 80
46 54
59 60
57 57
72 82
11 13
47 54
8 17
77 77
71 75
94 94
0 0
58 60
73 73
41 46
45 52
90 92
39 39
35 35
52 60
7 14
38 42
60 60
72 72
57 57
24 30
15 17
23 31
69 69
98 108
100 100
61 69
28 28
31 34
71 77
27 27
93 93
30 30
27 27
89 95
52 52
34 34
54 54
4 13
84 91
10 10
10 19
16 25
59 65
88 90
45 53
48 48
29 29
94 95
88 98
75 75
58 65
52 59
19 19
16 16
26 26
59 59
67 67
66 75
27 27
66 71
57 57
30 30
83 90
93 102
93 102
46 54
46 46
26 29
32 37
35 35
52 57
40 40
76 76
84 84
100 100
11 11
88 88
69 70
75 84
33 41
97 97
56 56
50 50
45 45
92 92
77 87
62 68
100 100
5 5
34 34
89 99
33 34
78 79
12 12
73 73
4 4
16 16
40 40
47 47
41 41
79 79
1 11
35 40
30 36
29 29
44 44
46 53
13 13
67 77
100 100
11 12
85 92
52 52
27 27
77 87
83 83
9 9
84 84
4 8
85 85
76 76
10 13
82 82
45 45
11 11
57 62
4 11
42 42
17 17
56 57
76 76
16 18
47 57
93 93
76 80
68 74
21 23
21 27
56 56
87 90
6 13
1 1
98 98
55 56
78 81
100 100
34 39
12 12
27 27
64 64
82 87
36 40
47 47
57 57
62 64
97 98
19 19
25 34
61 61
45 45
25 27
50 50
42 46
18 18
69 69
58 58
81 85
42 52
58 60
98 99
43 43
49 49
99 99
34 34
55 55
44 44
74 74
17 20
7 7
98 101
18 21
42 52
66 72
42 43
69 77
31 31
23 33
33 42
87 87
18 18
56 57
95 95
46 46
7 7
75 75
24 27
42 42
60 64
82 89
80 80
28 29
25 27
2 3
70 77
32 35
10 18
53 61
60 60
60 61
24 26
39 46
25 25
43 43
39 44
65 68
25 31
88 92
58 58
95 95
64 74
28 28
20 20
61 65
15 15
73 73
25 34
37 38
16 23
47 52
0 0
92 95
83 83
23 23
37 37
70 80
35 35
41 44
19 25
44 44
81 86
78 83
79 82
68 72
50 50
11 11
59 68
86 95
9 9
4 4
80 80
51 51
79 83
10 12
93 93
56 56
44 44
74 82
18 20
97 97
80 83
65 65
73 73
63 73
91 91
78 78
80 80
55 58
95 95
97 97
62 62
48 58
70 79
74 79
88 90
21 21
81 89
19 19
20 20
31 38
4 8
93 103
97 97
54 62
66 66
70 70
99 106
37 37
77 77
98 108
75 81
35 36
57 57
23 32
52 58
95 104
0 6
61 68
79 79
26 34
69 74
94 94
92 92
62 67
11 11
31 31
59 64
84 84
29 38
54 61
47 51
54 57
97 97
90 95
75 77
35 43
27 27
39 45
1 11
79 89
14 24
20 22
21 26
80 80
19 19
23 25
11 18
38 38
19 19
42 42
93 101
9 9
76 76
44 44
32 35
60 67
67 71
82 90
100 100
16 16
95 101
24 24
28 36
16 16
84 84
81 88
52 52
19 25
85 90
54 54
21 24
3 3
66 66
10 10
31 31
48 49
63 63
56 57
16 21
2 7
84 84
13 19
18 18
67 67
75 81
39 39
51 56
90 97
36 36
63 71
49 49
25 32
20 20
52 52
34 44
52 58
47 56
66 66
23 27
49 49
22 25
34 34
42 42
40 40
85 94
57 57
62 62
44 52
36 36
37 37
56 59
22 22
87 87
19 19
38 47
62 71
83 85
90 93
54 62
40 40
42 46
97 98
23 23
11 16
82 82
62 62
22 27
80 82
52 59
44 49
65 65
56 56
86 86
62 62
5 5
58 58
70 71
23 31
79 80
27 27
48 58
78 80
7 13
17 17
75 81
32 32
78 87
95 95
60 69
39 39
22 27
33 33
61 65
35 35
59 69
69 78
30 30
89 93
87 87
50 52
46 52
59 59
82 82
5 5
69 70
37 37
99 99
12 12
89 99
21 21
66 66
45 45
100 100
76 86
13 18
33 33
82 82
0 2
6 6
66 66
53 57
10 10
50 50
97 97
92 99
85 85
79 79
88 96
62 62
80 80
6 10
46 46
78 83
71 79
1 1
92 92
82 92
95 95
42 42
27 27
76 76
71 77
100 106
98 98
54 62
10 11
54 54
3 13
6 8
11 20
25 30
30 31
6 6
76 86
71 71
53 53
18 27
5 10
23 23
84 93
70 70
81 91
40 41
30 30
72 77
72 79
85 94
76 85
33 36
3 6
32 32
92 92
17 24
55 61
36 36
59 59
54 54
37 37
21 26
46 46
92 94
15 15
88 88
32 37
52 56
96 99
77 77
68 68
25 32
42 42
48 55
53 53
73 73
24 24
69 78
89 89
28 28
5 5
94 96
35 39
21 21
26 30
69 73
22 29
42 42
46 46
25 25
80 80
56 56
86 86
12 19
49 49
47 47
59 59
27 27
31 31
90 90
63 63
94 101
3 3
4 4
13 23
56 56
14 24
85 89
8 8
93 93
20 20
11 11
59 61
92 94
55 64
24 24
45 54
12 19
40 48
64 71
9 9
45 45
41 48
33 33
69 79
36 42
95 95
66 66
62 62
72 72
49 51
89 90
27 27
96 96
97 100
20 24
61 61
98 98
15 25
17 19
34 34
76 76
2 2
38 38
45 50
100 108
16 24
61 71
32 34
68 74
71 71
48 48
45 45
57 57
50 50
81 81
22 22
96 99
77 77
0 0
93 93
18 18
70 70
73 80
20 20
98 100
72 80
16 16
15 16
20 20
55 60
22 27
27 28
66 69
43 43
90 92
81 81
27 36
28 31
43 47
74 79
7 17
26 26
42 49
11 11
26 30
84 87
66 70
60 60
92 100
24 25
63 63
28 28
96 96
94 95
95 95
19 25
15 15
27 27
44 44
86 86
75 82
39 40
49 49
40 48
37 44
77 87
57 57
39 39
87 96
34 34
52 61
66 72
98 98
32 36
70 76
52 52
29 34
20 29
82 82
78 78
6 6
33 33
59 63
30 30
95 95
84 93
3 10
83 83
6 6
35 35
22 22
27 29
30 40
76 76
51 51
2 2
98 108
14 14
96 100
5 5
100 100
54 54
33 38
57 65
80 86
89 89
43 43
89 98
26 35
48 49
37 37
46 50
85 88
72 74
44 54
66 66
36 36
81 81
75 75
96 102
56 56
84 84
94 95
7 7
42 44
92 92
80 80
88 88
27 36
50 60
37 44
45 45
0 6
0 3
17 24
72 76
1 1
21 26
58 59
10 10
46 46
92 100
26 26
45 52
13 13
19 21
36 45
86 90
19 23
18 27
57 60
83 83
87 96
14 18
25 25
85 85
9 9
81 85
77 78
23 32
30 30
40 40
26 26
96 96
14 16
15 17
3 3
36 36
20 30
51 60
17 17
85 92
78 78
81 88
74 74
57 57
73 73
51 57
40 40
28 34
39 49
94 94
49 50
8 16
73 73
4 4
10 10
73 77
55 55
5 5
17 17
45 45
53 54
49 49
43 43
46 46
4 5
79 79
87 90
40 40
33 33
60 60
15 16
15 15
81 81
80 80
8 8
78 78
67 67
6 6
95 95
7 14
90 90
43 51
10 10
73 82
12 19
33 36
97 97
40 42
86 95
22 25
48 48
11 11
83 83
47 47
72 74
43 52
30 30
75 75
12 21
88 92
67 71
32 32
42 42
86 86
65 65
37 42
6 12
45 51
40 48
59 59
3 3
83 83
30 30
97 101
34 34
20 20
96 104
30 38
17 17
9 10
56 56
57 57
93 103
24 30
32 32
47 47
18 22
63 73
30 36
26 26
16 16
63 73
70 70
56 56
85 90
75 80
53 53
55 62
15 15
41 41
0 10
100 107
45 45
25 25
69 69
77 77
51 51
92 102
57 57
18 27
59 64
66 66
18 24
61 61
100 109
51 59
55 55
89 92
34 34
0 0
38 38
21 22
45 45
70 70
6 13
42 48
30 35
64 64
31 33
57 57
78 80
37 37
53 57
55 64
85 95
73 79
2 10
24 34
78 81
100 109
39 39
65 65
16 16
97 97
13 22
42 42
27 35
95 103
41 41
13 13
42 44
83 83
9 15
65 73
65 70
4 4
78 78
45 46
41 50
96 96
37 37
4 10
17 17
80 83
44 46
89 97
95 105
78 78
64 70
58 58
25 33
69 69
72 81
73 73
79 79
59 59
6 6
67 75
100 110
46 46
3 3
55 65
76 86
37 37
19 19
80 83
100 103
11 11
67 67
98 100
4 4
59 61
99 107
25 27
53 62
20 20
58 63
10 15
90 95
16 23
60 63
76 76
40 40
84 84
85 90
17 27
78 78
80 80
85 87
37 37
64 64
62 69
50 50
10 10
94 96
55 55
4 4
16 16
82 82
5 7
93 93
27 27
69 71
3 3
50 50
36 38
1 10
56 56
51 51
12 16
15 20
97 99
12 12
14 22
4 4
88 95
43 46
69 78
84 94
55 59
89 89
29 35
59 63
47 48
5 5
99 99
17 17
52 52
79 79
0 6
62 62
54 64
25 25
92 92
44 44
65 74
64 73
46 56
30 40
21 21
74 82
37 46
85 87
10 14
24 24
11 14
49 49
36 41
44 44
34 34
96 96
38 38
73 73
98 101
31 35
64 64
99 99
24 24
26 26
82 82
72 72
99 106
100 100
44 44
8 9
10 10
8 15
74 78
19 19
20 20
88 88
46 47
98 98
75 83
95 97
58 58
28 31
39 46
46 51
98 98
92 100
32 32
56 56
66 66
45 47
98 98
10 20
6 9
17 17
85 88
29 34
79 87
48 55
82 82
33 33
95 105
35 35
89 97
61 62
7 7
62 67
86 90
41 41
82 82
10 14
63 69
30 30
57 57
45 52
57 57
37 42
6 6
99 104
90 91
7 13
6 11
36 36
53 53
12 12
97 98
77 78
61 69
53 57
9 10
27 27
84 84
46 46
2 2
30 30
8 8
67 69
90 98
70 78
75 83
88 88
76 76
24 24
54 61
82 91
29 30
95 95
42 42
29 29
72 75
50 50
91 100
19 19
76 78
73 83
16 16
52 59
53 53
71 71
48 52
33 33
52 62
67 77
4 5
14 17
47 47
85 91
53 61
47 56
54 55
46 48
57 57
99 99
65 65
95 95
36 39
67 68
77 82
79 85
51 51
78 78
73 80
54 58
70 74
68 68
83 87
77 77
4 8
86 86
91 94
37 41
24 32
98 98
79 89
14 23
89 89
89 89
24 24
37 37
40 46
0 6
90 90
67 71
35 39
80 86
48 57
76 77
70 79
80 80
15 25
17 18
24 30
73 73
69 79
90 90
12 12
3 3
33 33
50 53
60 60
64 67
43 50
72 72
81 86
19 19
90 90
37 37
24 30
22 22
66 73
11 11
96 98
39 42
70 70
73 73
36 36
40 40
64 64
31 37
16 17
34 34
62 65
52 60
24 24
16 16
20 21
62 62
46 48
95 99
55 62
69 69
6 6
49 55
5 9
0 8
37 46
57 57
65 75
76 76
3 3
2 9
66 66
55 56
56 56
23 23
27 29
63 63
56 62
27 32
35 35
43 44
25 31
11 11
60 61
98 106
16 16
19 19
82 86
46 56
72 72
76 76
20 20
17 17
54 64
8 8
2 2
22 22
69 69
80 90
98 104
61 61
22 26
36 36
22 26
23 23
44 44
24 24
31 31
62 62
27 31
41 41
83 93
24 32
4 12
99 99
25 25
61 61
17 17
45 50
81 81
12 12
86 86
73 73
47 50
66 66
74 74
4 4
22 22
53 57
46 46
72 77
67 73
65 72
47 47
51 51
50 60
59 59
61 62
70 78
32 42
52 52
78 79
90 99
10 10
66 67
32 40
39 39
48 48
45 46
67 67
56 56
17 24
89 92
69 72
38 46
78 78
71 79
31 31
92 100
15 15
21 21
45 45
69 69
6 13
13 19
19 20
11 11
1 1
8 8
86 93
37 37
60 60
100 103
79 79
86 92
47 57
42 42
58 58
69 69
65 75
72 74
6 6
37 47
44 44
81 89
70 70
100 100
15 22
9 18
60 60
92 92
90 90
55 55
7 7
29 29
25 31
98 98
34 34
19 28
20 27
4 7
66 66
78 83
69 69
51 51
62 62
5 5
87 87
27 27
43 51
4 4
0 0
43 43
48 57
43 43
34 34
94 94
38 42
16 16
10 10
11 19
97 105
91 97
93 93
88 94
90 90
25 32
61 64
65 71
97 106
95 102
25 25
13 13
54 64
15 15
30 30
96 96
2 2
85 91
85 93
68 68
43 43
87 89
100 105
54 54
72 77
87 87
23 23
36 36
74 83
30 30
21 25
75 75
13 13
87 96
24 24
16 16
88 95
71 76
79 79
42 46
40 45
57 60
46 46
67 67
65 66
19 19
32 42
50 50
24 24
75 78
35 35
55 56
29 37
42 44
68 68
47 47
61 65
67 67
65 65
57 59
52 52
61 61
66 66
4 4
81 91
36 36
86 86
58 64
73 73
69 69
44 44
14 23
36 36
86 91
34 43
26 27
47 47
61 61
70 71
50 58
25 32
17 17
88 88
14 18
86 89
30 30
16 26
47 47
54 63
9 17
51 59
38 48
33 40
7 16
55 64
71 80
39 44
98 98
89 89
10 13
19 22
79 79
14 20
93 100
40 42
14 14
36 42
9 9
88 88
60 67
2 12
52 52
54 59
49 49
74 74
70 78
77 77
33 33
6 6
88 96
55 55
58 62
23 23
63 64
59 60
66 66
65 65
58 68
54 54
60 64
60 60
20 20
12 13
93 93
74 75
47 47
53 54
50 50
37 45
29 29
4 4
75 75
45 55
89 89
14 14
35 43
2 8
21 21
25 25
68 68
2 2
84 84
44 47
97 104
87 90
25 28
3 9
15 15
49 56
94 97
64 71
11 14
15 25
16 16
87 97
82 82
84 93
70 75
33 39
42 42
100 101
7 7
84 93
43 49
95 99
55 57
26 31
77 77
99 99
34 34
28 28
69 69
45 45
47 47
93 102
11 11
36 37
94 94
8 17
61 61
13 13
53 53
79 88
16 16
70 72
53 60
84 84
31 36
62 65
65 65
95 95
47 51
73 73
36 36
29 29
84 89
69 69
30 35
51 51
54 64
99 109
44 44
81 90
3 3
86 86
93 93
22 27
59 68
69 69
42 42
47 48
80 80
72 72
96 99
93 93
25 33
34 34
54 59
86 93
53 53
45 45
37 40
48 48
12 12
48 58
78 78
67 67
2 7
15 15
32 32
75 75
1 1
53 53
50 50
92 92
96 96
87 87
30 30
85 85
28 35
37 37
28 36
95 101
28 28
28 28
48 57
96 101
97 106
7 10
54 55
58 64
39 41
7 7
8 16
18 18
17 20
21 21
74 74
80 87
8 17
76 76
79 81
51 51
37 37
100 102
44 47
64 74
54 62
34 34
18 23
23 26
88 95
44 44
5 5
15 24
41 46
57 57
79 81
56 56
4 4
60 60
6 6
36 43
73 73
90 95
71 75
42 42
47 47
96 96
34 34
13 13
91 92
67 73
73 83
11 18
40 40
76 85
27 27
43 43
42 42
77 77
78 78
58 59
49 50
89 89
42 44
5 5
91 97
77 79
60 67
66 70
95 96
50 50
96 96
79 79
74 81
43 43
31 34
97 97
40 40
71 77
2 2
94 94
89 89
62 62
66 66
18 25
71 81
45 45
62 62
95 102
57 57
89 89
8 14
23 30
55 62
71 71
90 93
9 9
20 21
72 75
53 53
17 17
32 33
9 9
63 63
15 15
93 93
30 35
46 46
31 31
45 47
19 19
33 33
33 36
83 93
73 77
62 63
49 49
35 45
36 36
89 89
52 54
60 60
66 66
15 21
35 41
89 89
20 20
11 12
46 46
89 92
89 97
82 87
13 13
47 47
4 6
89 94
41 49
77 80
24 31
95 95
49 53
48 51
69 69
99 109
68 77
75 78
58 62
0 0
60 60
26 32
8 14
18 26
71 75
90 94
8 12
5 9
90 90
30 37
70 70
92 92
18 18
6 6
70 71
90 90
11 11
6 9
65 65
28 33
4 4
64 64
34 44
53 61
33 33
43 43
81 84
36 36
15 15
18 23
25 28
62 68
98 105
71 81
59 59
44 44
45 45
22 23
70 76
62 70
96 96
76 76
66 69
3 11
61 71
89 89
76 76
62 67
0 1
87 96
81 81
93 97
33 43
61 67
94 98
39 44
90 100
15 15
94 104
73 73
11 11
21 28
59 67
97 99
41 41
70 70
88 88
96 96
29 29
66 76
11 19
37 47
43 46
35 35
36 42
53 59
92 92
49 49
74 77
55 57
11 18
70 73
53 54
56 56
78 78
7 7
67 67
91 96
84 84
45 45
83 83
10 19
91 92
37 37
11 11
100 109
34 34
29 29
44 44
1 1
88 88
95 95
90 90
10 13
4 7
51 61
3 3
94 94
34 39
69 69
93 93
82 86
81 81
5 5
38 38
3 3
33 35
91 97
87 91
84 94
0 2
80 90
53 53
36 36
21 31
62 68
24 24
75 81
14 14
77 81
59 59
7 7
17 25
82 82
26 27
45 48
10 10
20 30
76 84
53 53
25 25
15 15
40 48
19 26
100 108
55 55
4 12
25 29
55 55
82 90
89 95
24 28
84 89
42 46
61 71
21 22
42 42
52 52
93 93
62 62
52 52
69 69
15 15
23 28
44 45
61 61
86 86
86 89
59 62
81 81
88 88
93 96
30 30
66 75
6 16
92 102
1 6
7 7
45 45
50 51
35 39
80 80
71 73
14 19
82 84
78 78
20 20
69 69
99 102
75 82
53 56
93 93
65 65
45 45
25 25
13 20
77 77
41 45
84 90
70 74
87 89
59 63
68 68
81 89
56 56
46 56
62 64
70 70
28 35
8 8
81 82
74 74
38 38
19 20
19 19
50 50
19 20
17 22
30 30
83 83
57 66
89 98
26 26
94 104
60 60
59 59
22 22
23 33
31 31
46 56
42 42
28 38
65 65
56 56
45 45
29 32
94 94
5 9
13 23
70 76
27 27
53 56
88 93
99 99
13 13
16 16
98 98
78 88
7 8
24 24
59 64
39 41
81 81
56 56
28 28
37 37
13 13
20 20
85 85
52 52
78 88
83 93
66 66
83 84
49 49
34 34
97 107
28 33
5 5
37 37
66 66
95 95
68 68
86 86
83 85
19 25
11 17
26 32
2 2
43 43
4 4
94 95
13 22
4 4
12 17
95 95
59 59
24 34
100 100
39 40
29 29
70 70
96 96
70 70
85 85
73 83
37 37
89 89
50 52
11 19
45 45
2 2
88 88
80 82
96 96
96 97
24 24
76 76
2 2
51 51
25 27
67 67
60 60
53 53
73 73
47 47
14 20
8 8
79 79
46 52
53 63
73 79
14 23
0 0
24 29
11 11
15 16
34 34
78 86
76 76
41 46
97 97
20 24
53 55
18 26
51 61
40 40
94 102
20 20
5 5
12 12
96 104
58 65
72 78
55 63
88 92
24 24
58 58
42 47
85 91
61 70
26 26
77 77
82 82
72 81
88 88
19 19
76 81
13 13
68 70
76 76
82 82
5 9
15 15
29 34
98 106
88 88
6 13
64 64
31 31
92 92
80 80
43 49
14 14
52 52
93 95
14 14
79 79
63 69
39 39
54 54
9 9
98 105
38 40
0 7
0 1
61 61
78 78
57 63
56 57
85 85
35 45
38 38
73 76
22 22
77 77
41 41
7 16
42 51
75 75
93 98
29 32
52 59
43 46
92 92
17 17
1 1
3 11
48 48
71 71
61 68
91 91
61 71
61 66
79 79
30 30
79 85
90 90
3 10
50 56
93 97
74 76
5 5
23 23
71 71
92 92
85 85
52 52
40 49
87 90
35 35
74 74
71 71
89 97
36 41
62 64
31 41
81 81
20 20
72 72
69 69
96 96
65 65
36 40
19 25
80 85
65 65
25 25
96 96
49 54
15 15
76 76
54 56
98 98
71 71
19 23
7 11
85 85
47 47
36 44
88 88
3 8
55 55
100 106
71 76
68 68
53 56
91 91
8 18
59 64
81 88
15 20
8 13
54 54
78 80
73 73
76 81
12 13
76 80
9 17
24 32
53 54
19 19
74 78
25 33
78 78
89 93
13 20
46 46
61 61
37 37
17 17
21 21
57 67
19 25
59 69
44 54
92 96
61 61
100 103
93 101
87 92
38 38
28 36
98 106
77 82
31 31
15 15
15 23
94 94
35 36
91 91
86 93
41 49
60 60
28 38
58 58
12 12
88 88
84 88
81 89
43 43
68 68
14 15
10 10
100 100
38 47
7 12
85 93
95 95
17 18
92 92
80 88
22 26
7 7
56 57
20 20
50 50
70 70
33 38
22 22
83 89
27 27
32 32
41 41
16 16
32 36
32 32
86 95
59 67
40 40
64 65
69 77
89 89
71 73
40 45
27 35
68 68
37 42
60 70
61 61
46 46
90 90
84 84
63 63
45 45
53 53
77 77
40 48
51 58
13 13
19 22
57 67
7 7
96 96
84 86
46 46
54 54
96 96
90 90
94 94
80 80
58 58
28 28
19 19
30 39
74 83
42 48
59 69
23 31
84 92
84 84
87 97
74 82
80 88
16 16
0 0
29 29
80 80
42 42
2 11